,expanded states,used states,expanded transitions,used transitions,synthesis time(ms),findNewGoals,findNewErrors,propagateGoals,propagateErrors,memory(mb),heuristic time(ms),OutOfMem,algorithm,heuristic,problem,n,k,idx
0,30,22,53,36,34,10,0,4,0,10.96,3.0,False,new,mock,AT,2,2,0
1,31,27,57,45,41,22,0,1,0,11.44,4.0,False,new,mock,AT,2,2,1
2,31,22,56,36,38,13,0,1,0,10.96,5.0,False,new,mock,AT,2,2,2
3,31,27,57,45,34,6,0,1,0,10.96,3.0,False,new,mock,AT,2,2,3
4,30,25,53,39,34,7,0,1,0,10.96,5.0,False,new,mock,AT,2,2,4
5,31,27,57,45,34,7,0,1,0,10.96,2.0,False,new,mock,AT,2,2,5
6,31,20,52,30,33,13,0,1,0,10.96,2.0,False,new,mock,AT,2,2,6
7,31,25,54,39,33,5,0,1,0,10.96,3.0,False,new,mock,AT,2,2,7
8,31,23,53,33,37,12,0,1,0,10.96,6.0,False,new,mock,AT,2,2,8
9,31,25,53,38,38,14,0,1,0,10.96,5.0,False,new,mock,AT,2,2,9
10,31,25,54,39,35,10,0,1,0,10.96,5.0,False,new,mock,AT,2,2,10
11,31,21,51,31,34,9,0,1,0,10.96,4.0,False,new,mock,AT,2,2,11
12,28,20,47,30,33,7,0,1,0,10.96,4.0,False,new,mock,AT,2,2,12
13,31,22,56,36,35,14,0,1,0,10.96,1.0,False,new,mock,AT,2,2,13
14,31,22,51,36,34,11,0,1,0,10.96,3.0,False,new,mock,AT,2,2,14
15,31,27,57,45,35,15,0,1,0,10.96,1.0,False,new,mock,AT,2,2,15
16,30,27,53,45,35,13,0,1,0,10.96,4.0,False,new,mock,AT,2,2,16
17,31,25,56,39,35,11,0,1,0,10.96,3.0,False,new,mock,AT,2,2,17
18,30,20,54,30,38,11,0,1,0,10.96,4.0,False,new,mock,AT,2,2,18
19,30,27,54,44,45,14,0,1,0,10.96,4.0,False,new,mock,AT,2,2,19
20,31,27,57,45,36,15,0,1,0,10.96,3.0,False,new,mock,AT,2,2,20
21,30,22,53,36,34,10,0,1,0,10.96,4.0,False,new,mock,AT,2,2,21
22,30,27,55,45,34,7,0,1,0,10.96,2.0,False,new,mock,AT,2,2,22
23,30,25,54,39,34,6,0,1,0,10.96,4.0,False,new,mock,AT,2,2,23
24,31,27,57,45,33,4,0,1,0,10.96,5.0,False,new,mock,AT,2,2,24
25,30,20,51,30,38,7,0,1,0,10.96,4.0,False,new,mock,AT,2,2,25
26,31,27,57,45,39,5,0,1,0,10.96,8.0,False,new,mock,AT,2,2,26
27,31,27,57,45,37,12,0,1,0,10.96,3.0,False,new,mock,AT,2,2,27
28,30,27,52,45,34,11,0,1,0,10.96,3.0,False,new,mock,AT,2,2,28
29,31,27,57,45,39,9,0,1,0,10.96,3.0,False,new,mock,AT,2,2,29
30,31,22,54,35,33,9,0,1,0,10.96,3.0,False,new,mock,AT,2,2,30
31,31,20,54,30,35,7,0,1,0,10.96,3.0,False,new,mock,AT,2,2,31
32,31,22,54,35,35,15,0,1,0,10.96,1.0,False,new,mock,AT,2,2,32
33,31,27,57,45,35,7,0,1,0,10.96,5.0,False,new,mock,AT,2,2,33
34,31,27,56,45,35,7,0,1,0,10.96,3.0,False,new,mock,AT,2,2,34
35,30,25,48,39,33,8,0,1,0,10.96,3.0,False,new,mock,AT,2,2,35
36,31,27,56,45,35,11,0,1,0,10.96,2.0,False,new,mock,AT,2,2,36
37,30,25,54,39,37,16,0,1,0,10.96,3.0,False,new,mock,AT,2,2,37
38,31,22,54,35,35,13,0,1,0,10.96,2.0,False,new,mock,AT,2,2,38
39,30,25,53,39,42,16,0,1,0,10.96,2.0,False,new,mock,AT,2,2,39
40,31,27,56,45,35,8,0,1,0,10.96,5.0,False,new,mock,AT,2,2,40
41,28,20,48,30,34,12,0,1,0,10.96,4.0,False,new,mock,AT,2,2,41
42,31,25,56,39,34,7,0,1,0,10.96,2.0,False,new,mock,AT,2,2,42
43,29,20,46,30,32,5,0,1,0,10.96,3.0,False,new,mock,AT,2,2,43
44,31,27,57,45,34,11,0,1,0,10.96,3.0,False,new,mock,AT,2,2,44
45,31,23,51,33,34,10,0,1,0,10.96,2.0,False,new,mock,AT,2,2,45
46,31,20,54,30,35,7,0,1,0,10.96,2.0,False,new,mock,AT,2,2,46
47,31,23,53,33,35,11,0,1,0,10.96,4.0,False,new,mock,AT,2,2,47
48,31,27,57,45,35,12,0,1,0,10.96,4.0,False,new,mock,AT,2,2,48
49,30,22,52,35,36,12,0,1,0,10.96,4.0,False,new,mock,AT,2,2,49
50,31,27,57,45,33,8,0,1,0,10.96,2.0,False,new,mock,AT,2,2,50
51,31,27,56,45,40,13,0,1,0,10.96,5.0,False,new,mock,AT,2,2,51
52,29,20,48,30,33,9,0,1,0,10.96,2.0,False,new,mock,AT,2,2,52
53,31,27,57,45,33,5,0,1,0,10.96,3.0,False,new,mock,AT,2,2,53
54,31,27,56,45,36,9,0,1,0,10.96,0.0,False,new,mock,AT,2,2,54
55,31,23,52,37,34,11,0,1,0,10.96,4.0,False,new,mock,AT,2,2,55
56,28,22,49,36,34,8,0,1,0,10.96,4.0,False,new,mock,AT,2,2,56
57,29,20,48,30,33,10,0,1,0,10.96,3.0,False,new,mock,AT,2,2,57
58,31,25,56,39,35,9,0,1,0,10.96,6.0,False,new,mock,AT,2,2,58
59,27,20,40,30,32,5,0,1,0,10.48,1.0,False,new,mock,AT,2,2,59
60,31,22,56,36,38,12,0,1,0,10.96,0.0,False,new,mock,AT,2,2,60
61,29,22,51,36,38,16,0,1,0,10.96,4.0,False,new,mock,AT,2,2,61
62,30,20,54,30,35,15,0,1,0,10.96,3.0,False,new,mock,AT,2,2,62
63,31,22,54,36,35,11,0,1,0,10.96,4.0,False,new,mock,AT,2,2,63
64,31,22,56,36,35,11,0,1,0,10.96,4.0,False,new,mock,AT,2,2,64
65,31,27,56,44,35,9,0,1,0,10.96,4.0,False,new,mock,AT,2,2,65
66,31,27,57,45,35,9,0,1,0,10.96,3.0,False,new,mock,AT,2,2,66
67,31,22,56,36,34,10,0,1,0,10.96,5.0,False,new,mock,AT,2,2,67
68,30,25,51,38,34,12,0,1,0,10.96,3.0,False,new,mock,AT,2,2,68
69,31,22,55,36,34,12,0,1,0,10.96,4.0,False,new,mock,AT,2,2,69
70,31,27,57,45,34,6,0,1,0,10.96,1.0,False,new,mock,AT,2,2,70
71,31,27,57,45,33,6,0,1,0,10.96,3.0,False,new,mock,AT,2,2,71
72,31,27,55,45,36,7,0,1,0,10.96,3.0,False,new,mock,AT,2,2,72
73,30,25,53,39,35,10,0,1,0,10.96,3.0,False,new,mock,AT,2,2,73
74,30,25,49,38,34,11,0,1,0,10.96,4.0,False,new,mock,AT,2,2,74
75,31,25,56,39,35,12,0,1,0,10.96,4.0,False,new,mock,AT,2,2,75
76,30,22,53,36,34,9,0,1,0,10.96,3.0,False,new,mock,AT,2,2,76
77,31,22,52,36,41,10,0,1,0,10.96,4.0,False,new,mock,AT,2,2,77
78,31,22,56,36,36,13,0,1,0,10.96,6.0,False,new,mock,AT,2,2,78
79,30,27,55,45,35,17,0,1,0,10.96,2.0,False,new,mock,AT,2,2,79
80,29,25,49,39,33,9,0,1,0,10.96,3.0,False,new,mock,AT,2,2,80
81,31,25,54,39,35,12,0,2,0,10.96,4.0,False,new,mock,AT,2,2,81
82,31,20,53,30,35,9,0,1,0,10.96,3.0,False,new,mock,AT,2,2,82
83,30,20,52,30,36,14,0,1,0,10.96,2.0,False,new,mock,AT,2,2,83
84,31,22,56,36,40,13,0,1,0,10.96,4.0,False,new,mock,AT,2,2,84
85,31,27,57,45,35,11,0,1,0,10.96,2.0,False,new,mock,AT,2,2,85
86,30,27,55,45,35,10,0,1,0,10.96,6.0,False,new,mock,AT,2,2,86
87,29,25,51,39,35,16,0,1,0,10.96,6.0,False,new,mock,AT,2,2,87
88,31,27,56,45,36,15,0,1,0,10.96,4.0,False,new,mock,AT,2,2,88
89,30,25,50,39,34,10,0,1,0,10.96,3.0,False,new,mock,AT,2,2,89
90,31,25,55,39,37,7,0,1,0,10.96,4.0,False,new,mock,AT,2,2,90
91,31,25,55,39,34,8,0,1,0,10.96,3.0,False,new,mock,AT,2,2,91
92,29,20,51,30,34,7,0,1,0,10.96,4.0,False,new,mock,AT,2,2,92
93,31,20,52,30,34,10,0,1,0,10.96,5.0,False,new,mock,AT,2,2,93
94,31,22,56,36,35,9,0,1,0,10.96,5.0,False,new,mock,AT,2,2,94
95,28,22,48,36,34,12,0,1,0,10.96,3.0,False,new,mock,AT,2,2,95
96,31,22,52,36,33,6,0,1,0,10.96,2.0,False,new,mock,AT,2,2,96
97,31,25,53,39,36,15,0,1,0,10.96,2.0,False,new,mock,AT,2,2,97
98,30,22,52,36,36,16,0,1,0,10.96,5.0,False,new,mock,AT,2,2,98
99,31,20,55,30,39,13,0,1,0,10.96,4.0,False,new,mock,AT,2,2,99
