,expanded states,used states,expanded transitions,used transitions,synthesis time(ms),findNewGoals,findNewErrors,propagateGoals,propagateErrors,memory(mb),heuristic time(ms),OutOfMem,algorithm,heuristic,problem,n,k,idx
0,37,25,77,44,42,21,0,1,0,11.44,3.0,False,new,mock,BW,2,2,0
1,34,15,60,20,34,4,0,1,0,10.96,3.0,False,new,mock,BW,2,2,1
2,34,15,60,20,36,16,0,1,0,10.96,4.0,False,new,mock,BW,2,2,2
3,36,21,67,34,37,14,0,1,0,10.96,3.0,False,new,mock,BW,2,2,3
4,37,17,69,23,35,13,0,1,0,10.96,3.0,False,new,mock,BW,2,2,4
5,36,29,77,54,42,29,0,1,0,11.44,1.0,False,new,mock,BW,2,2,5
6,37,22,78,39,39,25,0,1,0,11.44,6.0,False,new,mock,BW,2,2,6
7,35,18,66,29,36,15,0,1,0,10.96,6.0,False,new,mock,BW,2,2,7
8,35,22,66,39,35,14,0,1,0,10.96,1.0,False,new,mock,BW,2,2,8
9,36,22,72,39,38,23,0,1,0,11.44,6.0,False,new,mock,BW,2,2,9
10,31,18,53,29,31,1,0,1,0,10.48,3.0,False,new,mock,BW,2,2,10
11,36,15,73,20,38,24,0,1,0,11.44,3.0,False,new,mock,BW,2,2,11
12,37,15,75,20,38,24,0,1,0,11.44,3.0,False,new,mock,BW,2,2,12
13,34,22,67,39,34,1,0,1,0,10.96,2.0,False,new,mock,BW,2,2,13
14,37,26,80,49,38,15,0,1,0,11.44,6.0,False,new,mock,BW,2,2,14
15,29,18,51,29,33,11,0,1,0,10.96,1.0,False,new,mock,BW,2,2,15
16,37,29,79,54,38,24,0,1,0,11.44,6.0,False,new,mock,BW,2,2,16
17,36,26,74,49,35,10,0,1,0,10.96,6.0,False,new,mock,BW,2,2,17
18,35,18,68,29,36,16,0,1,0,10.96,4.0,False,new,mock,BW,2,2,18
19,37,23,76,40,39,31,0,1,0,11.44,4.0,False,new,mock,BW,2,2,19
20,35,15,64,20,35,12,0,1,0,10.96,3.0,False,new,mock,BW,2,2,20
21,37,15,70,20,36,13,0,1,0,10.96,4.0,False,new,mock,BW,2,2,21
22,35,15,65,20,34,17,0,1,0,10.96,5.0,False,new,mock,BW,2,2,22
23,37,22,74,39,36,13,0,1,0,10.96,4.0,False,new,mock,BW,2,2,23
24,37,26,79,49,39,24,0,1,0,11.44,2.0,False,new,mock,BW,2,2,24
25,37,30,80,60,38,26,0,1,0,11.44,0.0,False,new,mock,BW,2,2,25
26,32,18,49,29,32,6,0,1,0,10.48,5.0,False,new,mock,BW,2,2,26
27,37,33,81,65,41,24,0,1,0,11.44,2.0,False,new,mock,BW,2,2,27
28,37,26,80,49,39,28,0,1,0,11.44,4.0,False,new,mock,BW,2,2,28
29,35,22,70,39,36,21,0,1,0,11.44,3.0,False,new,mock,BW,2,2,29
30,33,26,69,49,38,21,0,1,0,11.44,7.0,False,new,mock,BW,2,2,30
31,37,15,75,20,34,1,0,1,0,10.96,5.0,False,new,mock,BW,2,2,31
32,37,33,81,65,39,29,0,1,0,11.92,3.0,False,new,mock,BW,2,2,32
33,36,22,76,39,38,26,0,1,0,11.44,3.0,False,new,mock,BW,2,2,33
34,37,26,79,49,37,13,0,1,0,10.96,5.0,False,new,mock,BW,2,2,34
35,35,15,70,20,38,26,0,1,0,11.44,3.0,False,new,mock,BW,2,2,35
36,31,22,63,39,35,21,0,1,0,10.96,3.0,False,new,mock,BW,2,2,36
37,36,15,68,20,40,11,0,1,0,10.96,1.0,False,new,mock,BW,2,2,37
38,37,15,75,20,39,18,0,1,0,11.44,5.0,False,new,mock,BW,2,2,38
39,36,30,76,60,39,24,0,1,0,11.44,3.0,False,new,mock,BW,2,2,39
40,37,15,69,20,46,19,0,1,0,10.96,6.0,False,new,mock,BW,2,2,40
41,34,15,67,20,36,19,0,1,0,10.96,5.0,False,new,mock,BW,2,2,41
42,37,29,78,54,40,29,0,1,0,11.44,4.0,False,new,mock,BW,2,2,42
43,37,15,72,20,41,18,0,1,0,10.96,5.0,False,new,mock,BW,2,2,43
44,37,29,80,54,36,29,0,1,0,11.44,2.0,False,new,mock,BW,2,2,44
45,33,22,64,39,36,21,0,1,0,10.96,6.0,False,new,mock,BW,2,2,45
46,34,33,70,65,36,11,0,2,0,10.96,4.0,False,new,mock,BW,2,2,46
47,37,21,74,34,37,23,0,1,0,11.44,4.0,False,new,mock,BW,2,2,47
48,35,18,69,29,41,19,0,1,0,11.44,5.0,False,new,mock,BW,2,2,48
49,35,26,73,49,35,10,0,1,0,10.96,5.0,False,new,mock,BW,2,2,49
50,33,15,63,20,35,11,0,1,0,10.96,6.0,False,new,mock,BW,2,2,50
51,33,17,61,23,41,17,0,1,0,10.96,6.0,False,new,mock,BW,2,2,51
52,33,15,62,20,34,14,0,1,0,10.96,4.0,False,new,mock,BW,2,2,52
53,37,33,78,65,36,20,0,1,0,11.44,6.0,False,new,mock,BW,2,2,53
54,37,26,80,49,37,30,0,1,0,11.44,4.0,False,new,mock,BW,2,2,54
55,37,15,77,20,38,14,0,1,0,11.44,2.0,False,new,mock,BW,2,2,55
56,37,29,80,54,39,32,0,1,0,11.44,5.0,False,new,mock,BW,2,2,56
57,37,29,77,54,39,25,0,1,0,11.44,5.0,False,new,mock,BW,2,2,57
58,33,15,60,20,34,16,0,1,0,10.96,2.0,False,new,mock,BW,2,2,58
59,37,15,78,20,38,20,0,1,0,11.44,7.0,False,new,mock,BW,2,2,59
60,27,18,49,29,33,15,0,1,0,10.96,2.0,False,new,mock,BW,2,2,60
61,36,25,74,44,44,21,0,1,0,11.44,4.0,False,new,mock,BW,2,2,61
62,30,15,51,20,38,17,0,1,0,10.96,3.0,False,new,mock,BW,2,2,62
63,33,15,54,20,34,9,0,1,0,10.96,1.0,False,new,mock,BW,2,2,63
64,37,23,77,40,39,26,0,1,0,11.44,7.0,False,new,mock,BW,2,2,64
65,35,29,72,49,38,25,0,1,0,11.44,2.0,False,new,mock,BW,2,2,65
66,37,15,78,20,39,21,0,1,0,11.44,4.0,False,new,mock,BW,2,2,66
67,36,19,72,30,36,13,0,1,0,10.96,6.0,False,new,mock,BW,2,2,67
68,35,15,65,20,35,13,0,1,0,10.96,4.0,False,new,mock,BW,2,2,68
69,37,18,77,29,39,26,0,1,0,11.44,8.0,False,new,mock,BW,2,2,69
70,36,33,78,65,39,36,0,1,0,11.92,2.0,False,new,mock,BW,2,2,70
71,36,30,76,60,44,24,0,1,0,11.44,8.0,False,new,mock,BW,2,2,71
72,36,18,75,29,37,16,0,1,0,11.44,4.0,False,new,mock,BW,2,2,72
73,37,22,79,39,48,29,0,1,0,11.92,5.0,False,new,mock,BW,2,2,73
74,37,15,78,20,44,23,0,1,0,11.44,4.0,False,new,mock,BW,2,2,74
75,37,29,79,54,38,28,0,1,0,11.92,3.0,False,new,mock,BW,2,2,75
76,33,18,65,29,36,15,0,1,0,10.96,3.0,False,new,mock,BW,2,2,76
77,36,22,74,39,37,16,0,1,0,10.96,3.0,False,new,mock,BW,2,2,77
78,37,15,79,20,49,23,0,1,0,11.44,4.0,False,new,mock,BW,2,2,78
79,37,26,78,49,37,23,0,1,0,11.44,4.0,False,new,mock,BW,2,2,79
80,37,19,73,30,36,22,0,1,0,11.44,6.0,False,new,mock,BW,2,2,80
81,37,18,78,29,39,32,0,1,0,11.44,4.0,False,new,mock,BW,2,2,81
82,31,15,50,20,33,8,0,1,0,10.96,3.0,False,new,mock,BW,2,2,82
83,37,15,78,20,39,31,0,1,0,11.92,6.0,False,new,mock,BW,2,2,83
84,36,26,77,49,38,29,0,1,0,11.44,5.0,False,new,mock,BW,2,2,84
85,37,22,74,39,37,13,0,1,0,10.96,4.0,False,new,mock,BW,2,2,85
86,36,21,73,34,37,24,0,1,0,11.44,6.0,False,new,mock,BW,2,2,86
87,33,18,69,29,37,19,0,1,0,10.96,1.0,False,new,mock,BW,2,2,87
88,34,21,64,34,35,17,0,1,0,10.96,3.0,False,new,mock,BW,2,2,88
89,37,15,78,20,39,25,0,1,0,11.44,3.0,False,new,mock,BW,2,2,89
90,36,15,62,20,35,14,0,1,0,10.96,1.0,False,new,mock,BW,2,2,90
91,34,25,68,44,38,22,0,1,0,11.44,2.0,False,new,mock,BW,2,2,91
92,37,15,77,20,39,23,0,1,0,11.44,7.0,False,new,mock,BW,2,2,92
93,34,19,66,30,36,18,0,1,0,10.96,7.0,False,new,mock,BW,2,2,93
94,34,22,68,39,39,20,0,1,0,10.96,3.0,False,new,mock,BW,2,2,94
95,35,18,65,29,34,5,0,1,0,10.96,6.0,False,new,mock,BW,2,2,95
96,36,15,78,20,38,27,0,1,0,11.44,3.0,False,new,mock,BW,2,2,96
97,35,15,57,20,34,12,0,1,0,10.96,2.0,False,new,mock,BW,2,2,97
98,35,22,71,39,35,14,0,1,0,10.96,3.0,False,new,mock,BW,2,2,98
99,33,19,66,30,36,18,0,1,0,10.96,4.0,False,new,mock,BW,2,2,99
