,expanded states,used states,expanded transitions,used transitions,synthesis time(ms),findNewGoals,findNewErrors,propagateGoals,propagateErrors,memory(mb),heuristic time(ms),OutOfMem,algorithm,heuristic,problem,n,k,idx
0,148,16,263,20,69,44,0,1,40,16.96,15.0,False,new,mock,TL,2,2,0
1,188,43,376,70,92,83,0,1,72,24.48,19.0,False,new,mock,TL,2,2,1
2,179,35,334,56,81,62,0,1,68,19.92,16.0,False,new,mock,TL,2,2,2
3,176,21,352,28,79,58,0,1,83,18.96,22.0,False,new,mock,TL,2,2,3
4,135,9,205,10,54,27,0,1,33,13.44,11.0,False,new,mock,TL,2,2,4
5,167,19,340,25,83,59,0,1,77,18.96,15.0,False,new,mock,TL,2,2,5
6,189,9,355,10,75,50,0,1,77,18.0,13.0,False,new,mock,TL,2,2,6
7,157,13,289,16,77,34,0,1,49,16.48,14.0,False,new,mock,TL,2,2,7
8,134,12,214,14,59,21,0,1,26,13.92,13.0,False,new,mock,TL,2,2,8
9,190,9,365,10,80,58,0,1,75,20.0,15.0,False,new,mock,TL,2,2,9
10,165,21,306,28,89,38,0,1,52,16.96,18.0,False,new,mock,TL,2,2,10
11,126,9,196,10,56,20,0,1,30,13.44,12.0,False,new,mock,TL,2,2,11
12,167,16,297,21,70,48,0,1,51,17.44,16.0,False,new,mock,TL,2,2,12
13,110,16,159,21,50,15,0,1,19,12.48,10.0,False,new,mock,TL,2,2,13
14,73,14,108,18,40,8,0,1,12,11.44,5.0,False,new,mock,TL,2,2,14
15,116,9,185,10,53,22,0,1,34,12.96,9.0,False,new,mock,TL,2,2,15
16,91,13,127,16,46,9,0,1,17,11.44,8.0,False,new,mock,TL,2,2,16
17,150,14,261,18,66,38,0,1,41,15.92,16.0,False,new,mock,TL,2,2,17
18,140,19,240,25,63,30,0,1,32,14.96,13.0,False,new,mock,TL,2,2,18
19,192,42,413,73,95,81,0,1,72,26.96,15.0,False,new,mock,TL,2,2,19
20,139,19,220,25,52,7,0,1,32,12.96,10.0,False,new,mock,TL,2,2,20
21,176,19,326,25,76,50,0,1,64,19.44,17.0,False,new,mock,TL,2,2,21
22,75,13,98,16,41,4,0,1,11,10.96,9.0,False,new,mock,TL,2,2,22
23,195,16,387,17,83,59,0,1,74,22.0,17.0,False,new,mock,TL,2,2,23
24,166,18,261,24,66,13,0,1,46,14.96,14.0,False,new,mock,TL,2,2,24
25,161,20,297,26,68,38,0,4,54,16.48,11.0,False,new,mock,TL,2,2,25
26,172,26,330,40,79,45,0,1,65,17.92,11.0,False,new,mock,TL,2,2,26
27,132,9,220,10,60,12,0,1,25,13.92,18.0,False,new,mock,TL,2,2,27
28,78,14,109,18,45,9,0,1,16,11.44,9.0,False,new,mock,TL,2,2,28
29,147,9,257,10,66,49,0,1,38,16.48,14.0,False,new,mock,TL,2,2,29
30,119,19,199,24,66,23,0,1,32,13.44,12.0,False,new,mock,TL,2,2,30
31,174,35,353,57,106,55,0,1,72,21.44,25.0,False,new,mock,TL,2,2,31
32,170,28,302,43,69,33,0,1,64,15.92,13.0,False,new,mock,TL,2,2,32
33,137,14,232,18,81,26,0,1,41,14.96,22.0,False,new,mock,TL,2,2,33
34,164,25,282,38,68,29,0,1,49,17.44,11.0,False,new,mock,TL,2,2,34
35,183,9,340,10,75,37,0,1,57,18.96,14.0,False,new,mock,TL,2,2,35
36,135,14,222,18,71,35,0,1,41,14.48,14.0,False,new,mock,TL,2,2,36
37,136,16,222,20,57,23,0,1,38,13.92,11.0,False,new,mock,TL,2,2,37
38,127,12,205,14,57,27,0,1,24,14.0,14.0,False,new,mock,TL,2,2,38
39,168,17,343,22,76,65,0,1,64,19.44,9.0,False,new,mock,TL,2,2,39
40,139,14,232,18,64,34,0,1,41,14.96,10.0,False,new,mock,TL,2,2,40
41,86,9,127,10,54,17,0,1,13,11.92,9.0,False,new,mock,TL,2,2,41
42,106,24,153,32,52,16,0,1,21,12.48,13.0,False,new,mock,TL,2,2,42
43,99,9,159,10,49,18,0,1,21,12.96,10.0,False,new,mock,TL,2,2,43
44,195,64,403,128,74,37,0,29,84,18.48,13.0,False,new,mock,TL,2,2,44
45,148,27,274,40,65,45,0,1,36,16.96,6.0,False,new,mock,TL,2,2,45
46,102,14,159,18,49,21,0,1,17,12.48,5.0,False,new,mock,TL,2,2,46
47,164,24,303,35,67,34,0,1,45,16.96,12.0,False,new,mock,TL,2,2,47
48,117,9,175,10,52,20,0,1,17,12.96,10.0,False,new,mock,TL,2,2,48
49,161,29,296,45,86,32,0,1,68,16.48,23.0,False,new,mock,TL,2,2,49
50,140,9,238,10,61,37,0,1,30,14.96,12.0,False,new,mock,TL,2,2,50
51,93,15,136,17,46,6,0,1,19,11.44,14.0,False,new,mock,TL,2,2,51
52,154,14,249,18,87,42,0,1,43,16.48,22.0,False,new,mock,TL,2,2,52
53,127,9,192,10,53,21,0,1,23,13.44,15.0,False,new,mock,TL,2,2,53
54,159,20,281,30,67,37,0,1,43,16.48,13.0,False,new,mock,TL,2,2,54
55,54,9,70,10,37,5,0,1,8,10.96,8.0,False,new,mock,TL,2,2,55
56,154,24,288,33,82,31,0,1,45,17.44,21.0,False,new,mock,TL,2,2,56
57,111,14,184,18,54,27,0,1,18,13.92,9.0,False,new,mock,TL,2,2,57
58,140,22,236,28,57,32,0,1,31,14.48,9.0,False,new,mock,TL,2,2,58
59,132,9,227,10,56,17,0,1,36,13.92,15.0,False,new,mock,TL,2,2,59
60,174,17,343,22,75,55,0,1,63,19.92,10.0,False,new,mock,TL,2,2,60
61,188,19,367,25,77,49,0,1,72,19.44,11.0,False,new,mock,TL,2,2,61
62,130,9,205,10,54,17,0,1,26,13.44,9.0,False,new,mock,TL,2,2,62
63,162,39,303,63,71,42,0,1,53,17.92,14.0,False,new,mock,TL,2,2,63
64,183,18,344,24,78,52,0,1,54,20.48,15.0,False,new,mock,TL,2,2,64
65,168,9,294,10,88,37,0,1,46,17.92,24.0,False,new,mock,TL,2,2,65
66,147,16,246,21,61,31,0,1,27,15.44,17.0,False,new,mock,TL,2,2,66
67,115,9,160,10,52,20,0,1,18,12.48,11.0,False,new,mock,TL,2,2,67
68,47,9,59,10,35,5,0,1,1,10.48,2.0,False,new,mock,TL,2,2,68
69,145,19,243,25,61,21,0,1,38,14.96,16.0,False,new,mock,TL,2,2,69
70,148,9,266,10,86,39,0,1,51,16.48,19.0,False,new,mock,TL,2,2,70
71,154,18,268,28,64,49,0,1,41,16.48,16.0,False,new,mock,TL,2,2,71
72,162,20,310,26,69,36,0,7,59,17.44,10.0,False,new,mock,TL,2,2,72
73,141,20,244,25,64,44,0,1,38,16.48,16.0,False,new,mock,TL,2,2,73
74,180,26,377,33,87,68,0,1,70,23.92,19.0,False,new,mock,TL,2,2,74
75,140,17,249,22,64,39,0,1,33,15.92,12.0,False,new,mock,TL,2,2,75
76,172,23,315,32,77,50,0,1,56,19.44,12.0,False,new,mock,TL,2,2,76
77,187,32,352,49,71,55,0,2,63,18.0,11.0,False,new,mock,TL,2,2,77
78,154,9,277,10,68,40,0,1,43,16.48,16.0,False,new,mock,TL,2,2,78
79,89,19,123,24,44,5,0,1,24,11.92,12.0,False,new,mock,TL,2,2,79
80,149,9,229,10,62,25,0,1,38,14.48,13.0,False,new,mock,TL,2,2,80
81,48,14,60,18,39,4,0,1,5,10.96,6.0,False,new,mock,TL,2,2,81
82,183,29,345,47,67,20,0,15,66,15.44,8.0,False,new,mock,TL,2,2,82
83,88,13,144,16,51,22,0,1,16,12.48,12.0,False,new,mock,TL,2,2,83
84,132,14,202,18,55,23,0,1,28,13.44,13.0,False,new,mock,TL,2,2,84
85,105,9,160,10,59,28,0,1,16,12.96,12.0,False,new,mock,TL,2,2,85
86,82,9,117,10,48,11,0,1,15,11.44,10.0,False,new,mock,TL,2,2,86
87,159,19,296,25,97,45,0,1,45,18.96,14.0,False,new,mock,TL,2,2,87
88,160,16,287,21,68,38,0,1,43,16.48,13.0,False,new,mock,TL,2,2,88
89,47,9,63,10,36,6,0,1,5,10.96,5.0,False,new,mock,TL,2,2,89
90,118,22,187,32,56,28,0,1,17,13.92,10.0,False,new,mock,TL,2,2,90
91,164,16,317,21,72,43,0,1,58,17.92,13.0,False,new,mock,TL,2,2,91
92,172,16,318,21,89,45,0,1,65,17.44,17.0,False,new,mock,TL,2,2,92
93,203,26,445,44,96,95,0,1,102,25.92,13.0,False,new,mock,TL,2,2,93
94,180,23,369,37,99,54,0,1,72,19.92,16.0,False,new,mock,TL,2,2,94
95,157,14,256,18,61,24,0,1,48,14.48,14.0,False,new,mock,TL,2,2,95
96,134,14,205,18,53,27,0,5,22,12.96,9.0,False,new,mock,TL,2,2,96
97,39,9,48,10,33,3,0,1,3,10.48,3.0,False,new,mock,TL,2,2,97
98,128,29,214,42,59,37,0,1,37,14.96,19.0,False,new,mock,TL,2,2,98
99,196,9,411,10,84,77,0,1,86,22.96,15.0,False,new,mock,TL,2,2,99
