,expanded states,used states,expanded transitions,used transitions,synthesis time(ms),findNewGoals,findNewErrors,propagateGoals,propagateErrors,memory(mb),heuristic time(ms),OutOfMem,algorithm,heuristic,problem,n,k,idx
0,1132,221,2274,413,784,312,95,1,537,17.01,24.0,False,new,mock,CM,2,2,0
1,1158,221,2373,413,764,308,93,1,570,10.15,34.0,False,new,mock,CM,2,2,1
2,1146,221,2356,413,853,318,115,1,563,55.01,31.0,False,new,mock,CM,2,2,2
3,1122,236,2267,432,793,282,105,1,511,22.0,25.0,False,new,mock,CM,2,2,3
4,1126,243,2292,442,883,384,38,1,538,102.63,30.0,False,new,mock,CM,2,2,4
5,1119,265,2259,473,775,306,88,1,532,28.64,34.0,False,new,mock,CM,2,2,5
6,1133,221,2280,413,828,339,57,1,534,50.75,27.0,False,new,mock,CM,2,2,6
7,1130,243,2263,443,804,258,124,1,524,140.67,37.0,False,new,mock,CM,2,2,7
8,1151,221,2377,413,819,303,144,1,561,69.78,20.0,False,new,mock,CM,2,2,8
9,1159,243,2387,443,785,285,159,1,580,25.75,31.0,False,new,mock,CM,2,2,9
10,1158,221,2382,413,803,291,152,1,581,39.91,29.0,False,new,mock,CM,2,2,10
11,1142,221,2349,413,909,330,118,1,547,92.77,34.0,False,new,mock,CM,2,2,11
12,1043,221,1992,413,708,226,109,1,438,25.56,35.0,False,new,mock,CM,2,2,12
13,1135,221,2294,413,777,328,83,1,525,28.97,31.0,False,new,mock,CM,2,2,13
14,1154,221,2373,413,828,347,55,1,576,14.9,34.0,False,new,mock,CM,2,2,14
15,1151,221,2369,413,835,394,20,1,573,76.98,22.0,False,new,mock,CM,2,2,15
16,1104,249,2131,453,681,260,99,1,462,78.56,24.0,False,new,mock,CM,2,2,16
17,1126,243,2286,442,831,277,127,1,542,41.98,34.0,False,new,mock,CM,2,2,17
18,1154,250,2333,454,847,319,105,1,542,86.86,30.0,False,new,mock,CM,2,2,18
19,1125,243,2221,443,694,280,91,1,513,116.58,29.0,False,new,mock,CM,2,2,19
20,1144,221,2326,413,796,340,89,1,566,41.88,39.0,False,new,mock,CM,2,2,20
21,1150,221,2362,413,765,317,95,1,575,16.99,36.0,False,new,mock,CM,2,2,21
22,1159,221,2387,413,818,353,58,1,560,23.78,29.0,False,new,mock,CM,2,2,22
23,1151,221,2373,413,753,321,91,1,574,13.23,23.0,False,new,mock,CM,2,2,23
24,1137,221,2318,413,785,233,150,1,565,126.51,31.0,False,new,mock,CM,2,2,24
25,1155,221,2352,413,776,301,102,1,583,41.03,22.0,False,new,mock,CM,2,2,25
26,1152,243,2367,442,802,371,51,1,583,149.48,34.0,False,new,mock,CM,2,2,26
27,1154,221,2379,413,838,362,81,1,579,69.08,35.0,False,new,mock,CM,2,2,27
28,1147,221,2334,413,768,295,135,1,546,16.91,34.0,False,new,mock,CM,2,2,28
29,1079,254,2062,460,652,289,56,1,468,53.59,37.0,False,new,mock,CM,2,2,29
30,1073,250,2078,454,673,255,102,1,456,59.67,26.0,False,new,mock,CM,2,2,30
31,1147,243,2340,443,824,351,53,1,562,76.78,33.0,False,new,mock,CM,2,2,31
32,1157,221,2376,413,829,318,108,1,581,26.12,35.0,False,new,mock,CM,2,2,32
33,1118,221,2238,413,799,283,137,1,492,40.9,39.0,False,new,mock,CM,2,2,33
34,1158,221,2384,413,779,285,142,1,589,147.83,33.0,False,new,mock,CM,2,2,34
35,1151,221,2375,413,902,329,82,1,584,72.0,28.0,False,new,mock,CM,2,2,35
36,1138,236,2318,432,845,364,35,1,551,37.86,30.0,False,new,mock,CM,2,2,36
37,1157,221,2360,413,765,320,86,1,578,24.14,39.0,False,new,mock,CM,2,2,37
38,1143,221,2338,413,875,332,101,1,554,72.76,37.0,False,new,mock,CM,2,2,38
39,1158,221,2381,413,841,306,82,1,585,37.91,39.0,False,new,mock,CM,2,2,39
40,1135,265,2307,473,954,364,69,1,538,95.88,31.0,False,new,mock,CM,2,2,40
41,1157,221,2359,413,786,342,53,1,586,12.88,28.0,False,new,mock,CM,2,2,41
42,1133,243,2301,442,834,362,70,1,532,79.07,27.0,False,new,mock,CM,2,2,42
43,1161,221,2395,413,799,333,115,1,556,61.73,27.0,False,new,mock,CM,2,2,43
44,1148,243,2356,442,836,318,111,1,562,64.63,30.0,False,new,mock,CM,2,2,44
45,1151,221,2333,413,816,320,123,1,561,63.89,28.0,False,new,mock,CM,2,2,45
46,1128,221,2278,413,825,304,115,1,524,50.0,32.0,False,new,mock,CM,2,2,46
47,1134,263,2305,471,829,383,42,1,534,49.76,26.0,False,new,mock,CM,2,2,47
48,1148,221,2323,413,782,346,29,1,569,133.69,39.0,False,new,mock,CM,2,2,48
49,1143,221,2301,413,830,261,104,1,557,40.12,30.0,False,new,mock,CM,2,2,49
50,1155,221,2374,413,872,327,113,1,559,36.16,34.0,False,new,mock,CM,2,2,50
51,1158,243,2373,443,821,339,71,1,587,33.03,26.0,False,new,mock,CM,2,2,51
52,1118,221,2201,413,728,312,90,1,473,16.87,28.0,False,new,mock,CM,2,2,52
53,1149,254,2337,459,844,289,138,1,538,29.76,39.0,False,new,mock,CM,2,2,53
54,1143,221,2333,413,781,313,78,1,552,55.77,21.0,False,new,mock,CM,2,2,54
55,1147,221,2359,413,812,333,96,1,575,52.85,29.0,False,new,mock,CM,2,2,55
56,1160,243,2382,442,800,340,30,1,580,14.9,36.0,False,new,mock,CM,2,2,56
57,1154,221,2381,413,860,405,27,1,573,71.84,42.0,False,new,mock,CM,2,2,57
58,1155,243,2370,442,834,385,37,1,560,39.75,38.0,False,new,mock,CM,2,2,58
59,1156,221,2367,413,819,372,60,1,559,53.85,22.0,False,new,mock,CM,2,2,59
60,1158,221,2390,413,837,318,105,1,566,71.03,26.0,False,new,mock,CM,2,2,60
61,1159,253,2392,457,872,347,84,1,572,44.97,45.0,False,new,mock,CM,2,2,61
62,1153,221,2376,413,834,314,113,1,536,62.64,24.0,False,new,mock,CM,2,2,62
63,1144,221,2360,413,788,255,149,1,564,31.88,28.0,False,new,mock,CM,2,2,63
64,1152,221,2377,413,850,301,133,1,554,59.88,35.0,False,new,mock,CM,2,2,64
65,1150,256,2352,466,852,289,126,1,552,82.98,26.0,False,new,mock,CM,2,2,65
66,1158,221,2370,413,809,315,92,1,570,62.99,25.0,False,new,mock,CM,2,2,66
67,1155,221,2352,413,753,252,144,1,542,138.72,29.0,False,new,mock,CM,2,2,67
68,1138,247,2286,452,863,319,105,1,512,90.73,24.0,False,new,mock,CM,2,2,68
69,1150,221,2373,413,786,283,115,1,584,23.0,42.0,False,new,mock,CM,2,2,69
70,1158,221,2382,413,746,255,145,1,605,124.75,29.0,False,new,mock,CM,2,2,70
71,1136,243,2331,442,763,279,119,1,563,24.89,29.0,False,new,mock,CM,2,2,71
72,1147,236,2347,432,853,362,65,1,550,110.62,24.0,False,new,mock,CM,2,2,72
73,1150,221,2351,413,804,327,75,1,577,42.29,30.0,False,new,mock,CM,2,2,73
74,1146,243,2341,443,894,344,89,1,558,62.11,39.0,False,new,mock,CM,2,2,74
75,1082,221,2069,413,618,290,53,1,462,49.57,32.0,False,new,mock,CM,2,2,75
76,1160,253,2388,459,756,271,138,1,578,21.18,22.0,False,new,mock,CM,2,2,76
77,1159,221,2395,413,880,327,110,1,561,63.74,31.0,False,new,mock,CM,2,2,77
78,1155,221,2376,413,820,347,82,1,586,42.0,29.0,False,new,mock,CM,2,2,78
79,1149,221,2359,413,889,329,101,1,555,135.89,33.0,False,new,mock,CM,2,2,79
80,1141,221,2337,413,761,327,83,1,578,35.9,23.0,False,new,mock,CM,2,2,80
81,1125,236,2274,432,840,364,46,1,501,57.75,31.0,False,new,mock,CM,2,2,81
82,1152,221,2375,413,781,306,130,1,595,33.1,27.0,False,new,mock,CM,2,2,82
83,1136,221,2293,413,806,284,126,1,533,31.97,27.0,False,new,mock,CM,2,2,83
84,1154,221,2355,413,834,322,95,1,572,67.01,34.0,False,new,mock,CM,2,2,84
85,1136,243,2286,442,801,308,78,1,520,27.88,44.0,False,new,mock,CM,2,2,85
86,1098,221,2135,413,656,213,145,1,479,54.58,36.0,False,new,mock,CM,2,2,86
87,1152,221,2350,413,857,336,81,1,579,70.74,30.0,False,new,mock,CM,2,2,87
88,1146,221,2332,413,849,379,32,1,541,77.02,30.0,False,new,mock,CM,2,2,88
89,1153,221,2363,413,754,291,125,1,585,22.17,17.0,False,new,mock,CM,2,2,89
90,1150,221,2338,413,908,316,87,1,567,85.76,34.0,False,new,mock,CM,2,2,90
91,1159,221,2394,413,877,351,96,1,564,35.03,43.0,False,new,mock,CM,2,2,91
92,1154,221,2368,413,826,361,86,1,563,25.77,35.0,False,new,mock,CM,2,2,92
93,1142,243,2335,443,845,328,117,1,537,81.01,39.0,False,new,mock,CM,2,2,93
94,1138,236,2290,432,716,256,151,1,522,135.75,32.0,False,new,mock,CM,2,2,94
95,1142,253,2328,457,931,397,34,1,550,115.08,40.0,False,new,mock,CM,2,2,95
96,1101,243,2188,443,718,315,52,1,498,125.58,32.0,False,new,mock,CM,2,2,96
97,1149,221,2345,413,824,327,51,1,567,58.64,38.0,False,new,mock,CM,2,2,97
98,1151,253,2360,457,757,332,73,1,567,23.04,28.0,False,new,mock,CM,2,2,98
99,1159,221,2380,413,752,255,153,1,578,146.82,29.0,False,new,mock,CM,2,2,99
