Cada fila es un valor de n
+----+----------+-----------+-----------+-----------+-----------+-----------+-----------+-----------+-----------+-----------+-----------+-----------+-----------+-----------+-----------+
| TA |    1     |     2     |     3     |     4     |     5     |     6     |     7     |     8     |     9     |     10    |     11    |     12    |     13    |     14    |     15    |
+----+----------+-----------+-----------+-----------+-----------+-----------+-----------+-----------+-----------+-----------+-----------+-----------+-----------+-----------+-----------+
| 1  |   33.0   |    36.0   |    39.0   |    42.0   |    45.0   |    48.0   |    51.0   |    54.0   |    57.0   |    60.0   |    63.0   |    66.0   |    69.0   |    72.0   |    75.0   |
| 2  |  300.0   |   344.0   |   388.0   |   432.0   |   476.0   |   520.0   |   564.0   |   608.0   |   652.0   |   696.0   |   740.0   |   784.0   |   828.0   |   872.0   |   916.0   |
| 3  |  2624.0  |   3096.0  |   3568.0  |   4040.0  |   4512.0  |   4984.0  |   5456.0  |   5928.0  |   6400.0  |   6872.0  |   7344.0  |   7816.0  |   8288.0  |   8760.0  |   9232.0  |
| 4  | 20156.0  |  24096.0  |  28036.0  |  31976.0  |  35916.0  |  39856.0  |  43796.0  |  47736.0  |  51676.0  |  55616.0  |  59556.0  |  63496.0  |  67436.0  |  71376.0  |  75316.0  |
| 5  | 141466.0 |  169998.0 |  198530.0 |  227062.0 |  255594.0 |  284126.0 |  312658.0 |  341190.0 |  369722.0 |  398254.0 |  426786.0 |  455318.0 |  483850.0 |  512382.0 |  540914.0 |
| 6  | 944504.0 | 1136476.0 | 1328448.0 | 1520420.0 | 1712392.0 | 1904364.0 | 2096336.0 | 2288308.0 | 2480280.0 | 2672252.0 | 2864224.0 | 3056196.0 | 3248168.0 | 3440140.0 | 3632112.0 |
| 7  |   nan    |    nan    |    nan    |    nan    |    nan    |    nan    |    nan    |    nan    |    nan    |    nan    |    nan    |    nan    |    nan    |    nan    |    nan    |
| 8  |   nan    |    nan    |    nan    |    nan    |    nan    |    nan    |    nan    |    nan    |    nan    |    nan    |    nan    |    nan    |    nan    |    nan    |    nan    |
| 9  |   nan    |    nan    |    nan    |    nan    |    nan    |    nan    |    nan    |    nan    |    nan    |    nan    |    nan    |    nan    |    nan    |    nan    |    nan    |
| 10 |   nan    |    nan    |    nan    |    nan    |    nan    |    nan    |    nan    |    nan    |    nan    |    nan    |    nan    |    nan    |    nan    |    nan    |    nan    |
| 11 |   nan    |    nan    |    nan    |    nan    |    nan    |    nan    |    nan    |    nan    |    nan    |    nan    |    nan    |    nan    |    nan    |    nan    |    nan    |
| 12 |   nan    |    nan    |    nan    |    nan    |    nan    |    nan    |    nan    |    nan    |    nan    |    nan    |    nan    |    nan    |    nan    |    nan    |    nan    |
| 13 |   nan    |    nan    |    nan    |    nan    |    nan    |    nan    |    nan    |    nan    |    nan    |    nan    |    nan    |    nan    |    nan    |    nan    |    nan    |
| 14 |   nan    |    nan    |    nan    |    nan    |    nan    |    nan    |    nan    |    nan    |    nan    |    nan    |    nan    |    nan    |    nan    |    nan    |    nan    |
| 15 |   nan    |    nan    |    nan    |    nan    |    nan    |    nan    |    nan    |    nan    |    nan    |    nan    |    nan    |    nan    |    nan    |    nan    |    nan    |
+----+----------+-----------+-----------+-----------+-----------+-----------+-----------+-----------+-----------+-----------+-----------+-----------+-----------+-----------+-----------+
+----+-----------+-----------+-----------+----------+-----------+-----------+-----------+----------+----------+----------+----------+----------+----------+-----------+-----------+
| TL |     1     |     2     |     3     |    4     |     5     |     6     |     7     |    8     |    9     |    10    |    11    |    12    |    13    |     14    |     15    |
+----+-----------+-----------+-----------+----------+-----------+-----------+-----------+----------+----------+----------+----------+----------+----------+-----------+-----------+
| 1  |    32.0   |    86.0   |   166.0   |  272.0   |   404.0   |   562.0   |   746.0   |  956.0   |  1192.0  |  1454.0  |  1742.0  |  2056.0  |  2396.0  |   2762.0  |   3154.0  |
| 2  |   202.0   |   1259.0  |   4338.0  | 11107.0  |  23738.0  |  44907.0  |  77794.0  | 126083.0 | 193962.0 | 286123.0 | 407762.0 | 564579.0 | 762778.0 | 1009067.0 | 1310658.0 |
| 3  |   1080.0  |  15296.0  |  94190.0  | 378102.0 | 1166372.0 | 3008420.0 | 6815706.0 |   nan    |   nan    |   nan    |   nan    |   nan    |   nan    |    nan    |    nan    |
| 4  |   5366.0  |  172757.0 | 1900522.0 |   nan    |    nan    |    nan    |    nan    |   nan    |   nan    |   nan    |   nan    |   nan    |   nan    |    nan    |    nan    |
| 5  |  25588.0  | 1869866.0 |    nan    |   nan    |    nan    |    nan    |    nan    |   nan    |   nan    |   nan    |   nan    |   nan    |   nan    |    nan    |    nan    |
| 6  |  118770.0 |    nan    |    nan    |   nan    |    nan    |    nan    |    nan    |   nan    |   nan    |   nan    |   nan    |   nan    |   nan    |    nan    |    nan    |
| 7  |  540656.0 |    nan    |    nan    |   nan    |    nan    |    nan    |    nan    |   nan    |   nan    |   nan    |   nan    |   nan    |   nan    |    nan    |    nan    |
| 8  | 2424814.0 |    nan    |    nan    |   nan    |    nan    |    nan    |    nan    |   nan    |   nan    |   nan    |   nan    |   nan    |   nan    |    nan    |    nan    |
| 9  |    nan    |    nan    |    nan    |   nan    |    nan    |    nan    |    nan    |   nan    |   nan    |   nan    |   nan    |   nan    |   nan    |    nan    |    nan    |
| 10 |    nan    |    nan    |    nan    |   nan    |    nan    |    nan    |    nan    |   nan    |   nan    |   nan    |   nan    |   nan    |   nan    |    nan    |    nan    |
| 11 |    nan    |    nan    |    nan    |   nan    |    nan    |    nan    |    nan    |   nan    |   nan    |   nan    |   nan    |   nan    |   nan    |    nan    |    nan    |
| 12 |    nan    |    nan    |    nan    |   nan    |    nan    |    nan    |    nan    |   nan    |   nan    |   nan    |   nan    |   nan    |   nan    |    nan    |    nan    |
| 13 |    nan    |    nan    |    nan    |   nan    |    nan    |    nan    |    nan    |   nan    |   nan    |   nan    |   nan    |   nan    |   nan    |    nan    |    nan    |
| 14 |    nan    |    nan    |    nan    |   nan    |    nan    |    nan    |    nan    |   nan    |   nan    |   nan    |   nan    |   nan    |   nan    |    nan    |    nan    |
| 15 |    nan    |    nan    |    nan    |   nan    |    nan    |    nan    |    nan    |   nan    |   nan    |   nan    |   nan    |   nan    |   nan    |    nan    |    nan    |
+----+-----------+-----------+-----------+----------+-----------+-----------+-----------+----------+----------+----------+----------+----------+----------+-----------+-----------+
+----+-----------+-----------+-----------+-----------+-----------+----------+-----------+-----------+-----------+-----------+----------+----------+----------+----------+----------+
| AT |     1     |     2     |     3     |     4     |     5     |    6     |     7     |     8     |     9     |     10    |    11    |    12    |    13    |    14    |    15    |
+----+-----------+-----------+-----------+-----------+-----------+----------+-----------+-----------+-----------+-----------+----------+----------+----------+----------+----------+
| 1  |    8.0    |    10.0   |    12.0   |    14.0   |    16.0   |   18.0   |    20.0   |    22.0   |    24.0   |    26.0   |   28.0   |   30.0   |   32.0   |   34.0   |   36.0   |
| 2  |    61.0   |    91.0   |   129.0   |   175.0   |   229.0   |  291.0   |   361.0   |   439.0   |   525.0   |   619.0   |  721.0   |  831.0   |  949.0   |  1075.0  |  1209.0  |
| 3  |   385.0   |   733.0   |   1279.0  |   2035.0  |   3037.0  |  4321.0  |   5923.0  |   7879.0  |  10225.0  |  12997.0  | 16231.0  | 19963.0  | 24229.0  | 29065.0  | 34507.0  |
| 4  |   1849.0  |   5057.0  |  11121.0  |  21097.0  |  36305.0  | 58257.0  |  88657.0  |  129401.0 |  182577.0 |  250465.0 | 335537.0 | 440457.0 | 568081.0 | 721457.0 | 903825.0 |
| 5  |   7371.0  |  30411.0  |  85771.0  |  197931.0 |  398691.0 | 729331.0 | 1241811.0 | 1999971.0 | 3080731.0 | 4575291.0 |   nan    |   nan    |   nan    |   nan    |   nan    |
| 6  |  25933.0  |  158797.0 |  594781.0 | 1702285.0 | 4070989.0 |   nan    |    nan    |    nan    |    nan    |    nan    |   nan    |   nan    |   nan    |   nan    |   nan    |
| 7  |  83567.0  |  730927.0 | 3737343.0 |    nan    |    nan    |   nan    |    nan    |    nan    |    nan    |    nan    |   nan    |   nan    |   nan    |   nan    |   nan    |
| 8  |  252433.0 | 3030289.0 |    nan    |    nan    |    nan    |   nan    |    nan    |    nan    |    nan    |    nan    |   nan    |   nan    |   nan    |   nan    |   nan    |
| 9  |  725779.0 |    nan    |    nan    |    nan    |    nan    |   nan    |    nan    |    nan    |    nan    |    nan    |   nan    |   nan    |   nan    |   nan    |   nan    |
| 10 | 2007061.0 |    nan    |    nan    |    nan    |    nan    |   nan    |    nan    |    nan    |    nan    |    nan    |   nan    |   nan    |   nan    |   nan    |   nan    |
| 11 | 5378583.0 |    nan    |    nan    |    nan    |    nan    |   nan    |    nan    |    nan    |    nan    |    nan    |   nan    |   nan    |   nan    |   nan    |   nan    |
| 12 |    nan    |    nan    |    nan    |    nan    |    nan    |   nan    |    nan    |    nan    |    nan    |    nan    |   nan    |   nan    |   nan    |   nan    |   nan    |
| 13 |    nan    |    nan    |    nan    |    nan    |    nan    |   nan    |    nan    |    nan    |    nan    |    nan    |   nan    |   nan    |   nan    |   nan    |   nan    |
| 14 |    nan    |    nan    |    nan    |    nan    |    nan    |   nan    |    nan    |    nan    |    nan    |    nan    |   nan    |   nan    |   nan    |   nan    |   nan    |
| 15 |    nan    |    nan    |    nan    |    nan    |    nan    |   nan    |    nan    |    nan    |    nan    |    nan    |   nan    |   nan    |   nan    |   nan    |   nan    |
+----+-----------+-----------+-----------+-----------+-----------+----------+-----------+-----------+-----------+-----------+----------+----------+----------+----------+----------+
+----+-----------+-----------+-----------+----------+-----------+-----------+----------+----------+----------+-----------+-----------+-----------+-----------+----------+----------+
| BW |     1     |     2     |     3     |    4     |     5     |     6     |    7     |    8     |    9     |     10    |     11    |     12    |     13    |    14    |    15    |
+----+-----------+-----------+-----------+----------+-----------+-----------+----------+----------+----------+-----------+-----------+-----------+-----------+----------+----------+
| 1  |    14.0   |    19.0   |    24.0   |   29.0   |    34.0   |    39.0   |   44.0   |   49.0   |   54.0   |    59.0   |    64.0   |    69.0   |    74.0   |   79.0   |   84.0   |
| 2  |    62.0   |   132.0   |   230.0   |  356.0   |   510.0   |   692.0   |  902.0   |  1140.0  |  1406.0  |   1700.0  |   2022.0  |   2372.0  |   2750.0  |  3156.0  |  3590.0  |
| 3  |   299.0   |   997.0   |   2367.0  |  4637.0  |   8035.0  |  12789.0  | 19127.0  | 27277.0  | 37467.0  |  49925.0  |  64879.0  |  82557.0  |  103187.0 | 126997.0 | 154215.0 |
| 4  |   1448.0  |   7430.0  |  23784.0  | 58598.0  |  122312.0 |  227718.0 | 389960.0 | 626534.0 | 957288.0 | 1404422.0 | 1992488.0 | 2748390.0 | 3701384.0 |   nan    |   nan    |
| 5  |   6893.0  |  53895.0  |  231537.0 | 715559.0 | 1796181.0 | 3907143.0 |   nan    |   nan    |   nan    |    nan    |    nan    |    nan    |    nan    |   nan    |   nan    |
| 6  |  32186.0  |  381448.0 | 2193946.0 |   nan    |    nan    |    nan    |   nan    |   nan    |   nan    |    nan    |    nan    |    nan    |    nan    |   nan    |   nan    |
| 7  |  147743.0 | 2645513.0 |    nan    |   nan    |    nan    |    nan    |   nan    |   nan    |   nan    |    nan    |    nan    |    nan    |    nan    |   nan    |   nan    |
| 8  |  668492.0 |    nan    |    nan    |   nan    |    nan    |    nan    |   nan    |   nan    |   nan    |    nan    |    nan    |    nan    |    nan    |   nan    |   nan    |
| 9  | 2988497.0 |    nan    |    nan    |   nan    |    nan    |    nan    |   nan    |   nan    |   nan    |    nan    |    nan    |    nan    |    nan    |   nan    |   nan    |
| 10 |    nan    |    nan    |    nan    |   nan    |    nan    |    nan    |   nan    |   nan    |   nan    |    nan    |    nan    |    nan    |    nan    |   nan    |   nan    |
| 11 |    nan    |    nan    |    nan    |   nan    |    nan    |    nan    |   nan    |   nan    |   nan    |    nan    |    nan    |    nan    |    nan    |   nan    |   nan    |
| 12 |    nan    |    nan    |    nan    |   nan    |    nan    |    nan    |   nan    |   nan    |   nan    |    nan    |    nan    |    nan    |    nan    |   nan    |   nan    |
| 13 |    nan    |    nan    |    nan    |   nan    |    nan    |    nan    |   nan    |   nan    |   nan    |    nan    |    nan    |    nan    |    nan    |   nan    |   nan    |
| 14 |    nan    |    nan    |    nan    |   nan    |    nan    |    nan    |   nan    |   nan    |   nan    |    nan    |    nan    |    nan    |    nan    |   nan    |   nan    |
| 15 |    nan    |    nan    |    nan    |   nan    |    nan    |    nan    |   nan    |   nan    |   nan    |    nan    |    nan    |    nan    |    nan    |   nan    |   nan    |
+----+-----------+-----------+-----------+----------+-----------+-----------+----------+----------+----------+-----------+-----------+-----------+-----------+----------+----------+
+----+-----------+-----------+-----------+---------+----------+----------+----------+-----------+-----------+-----------+-----------+--------+--------+--------+--------+
| CM |     1     |     2     |     3     |    4    |    5     |    6     |    7     |     8     |     9     |     10    |     11    |   12   |   13   |   14   |   15   |
+----+-----------+-----------+-----------+---------+----------+----------+----------+-----------+-----------+-----------+-----------+--------+--------+--------+--------+
| 1  |    54.0   |   162.0   |   334.0   |  570.0  |  870.0   |  1234.0  |  1662.0  |   2154.0  |   2710.0  |   3330.0  |   4014.0  | 4762.0 | 5574.0 | 6450.0 | 7390.0 |
| 2  |   512.0   |   5044.0  |  24784.0  | 79436.0 | 197232.0 | 414932.0 | 777824.0 | 1339724.0 | 2162976.0 | 3318452.0 | 4885552.0 |  nan   |  nan   |  nan   |  nan   |
| 3  |   4370.0  |  123754.0 | 1406590.0 |   nan   |   nan    |   nan    |   nan    |    nan    |    nan    |    nan    |    nan    |  nan   |  nan   |  nan   |  nan   |
| 4  |  34136.0  | 2535044.0 |    nan    |   nan   |   nan    |   nan    |   nan    |    nan    |    nan    |    nan    |    nan    |  nan   |  nan   |  nan   |  nan   |
| 5  |  251610.0 |    nan    |    nan    |   nan   |   nan    |   nan    |   nan    |    nan    |    nan    |    nan    |    nan    |  nan   |  nan   |  nan   |  nan   |
| 6  | 1785764.0 |    nan    |    nan    |   nan   |   nan    |   nan    |   nan    |    nan    |    nan    |    nan    |    nan    |  nan   |  nan   |  nan   |  nan   |
| 7  |    nan    |    nan    |    nan    |   nan   |   nan    |   nan    |   nan    |    nan    |    nan    |    nan    |    nan    |  nan   |  nan   |  nan   |  nan   |
| 8  |    nan    |    nan    |    nan    |   nan   |   nan    |   nan    |   nan    |    nan    |    nan    |    nan    |    nan    |  nan   |  nan   |  nan   |  nan   |
| 9  |    nan    |    nan    |    nan    |   nan   |   nan    |   nan    |   nan    |    nan    |    nan    |    nan    |    nan    |  nan   |  nan   |  nan   |  nan   |
| 10 |    nan    |    nan    |    nan    |   nan   |   nan    |   nan    |   nan    |    nan    |    nan    |    nan    |    nan    |  nan   |  nan   |  nan   |  nan   |
| 11 |    nan    |    nan    |    nan    |   nan   |   nan    |   nan    |   nan    |    nan    |    nan    |    nan    |    nan    |  nan   |  nan   |  nan   |  nan   |
| 12 |    nan    |    nan    |    nan    |   nan   |   nan    |   nan    |   nan    |    nan    |    nan    |    nan    |    nan    |  nan   |  nan   |  nan   |  nan   |
| 13 |    nan    |    nan    |    nan    |   nan   |   nan    |   nan    |   nan    |    nan    |    nan    |    nan    |    nan    |  nan   |  nan   |  nan   |  nan   |
| 14 |    nan    |    nan    |    nan    |   nan   |   nan    |   nan    |   nan    |    nan    |    nan    |    nan    |    nan    |  nan   |  nan   |  nan   |  nan   |
| 15 |    nan    |    nan    |    nan    |   nan   |   nan    |   nan    |   nan    |    nan    |    nan    |    nan    |    nan    |  nan   |  nan   |  nan   |  nan   |
+----+-----------+-----------+-----------+---------+----------+----------+----------+-----------+-----------+-----------+-----------+--------+--------+--------+--------+
+----+----------+-----------+-----------+-----------+----------+----------+----------+-----------+-----------+-----------+-----------+-----------+-----------+----------+----------+
| DP |    1     |     2     |     3     |     4     |    5     |    6     |    7     |     8     |     9     |     10    |     11    |     12    |     13    |    14    |    15    |
+----+----------+-----------+-----------+-----------+----------+----------+----------+-----------+-----------+-----------+-----------+-----------+-----------+----------+----------+
| 1  |   3.0    |    4.0    |    5.0    |    6.0    |   7.0    |   8.0    |   9.0    |    10.0   |    11.0   |    12.0   |    13.0   |    14.0   |    15.0   |   16.0   |   17.0   |
| 2  |  246.0   |   335.0   |   446.0   |   579.0   |  734.0   |  911.0   |  1110.0  |   1331.0  |   1574.0  |   1839.0  |   2126.0  |   2435.0  |   2766.0  |  3119.0  |  3494.0  |
| 3  |  3151.0  |   5018.0  |   7671.0  |  11278.0  | 16007.0  | 22026.0  | 29503.0  |  38606.0  |  49503.0  |  62362.0  |  77351.0  |  94638.0  |  114391.0 | 136778.0 | 161967.0 |
| 4  | 39084.0  |  72481.0  |  127292.0 |  212217.0 | 337612.0 | 515489.0 | 759516.0 | 1085017.0 | 1508972.0 | 2050017.0 | 2728444.0 | 3566201.0 | 4586892.0 |   nan    |   nan    |
| 5  | 474349.0 | 1024710.0 | 2066941.0 | 3906532.0 |   nan    |   nan    |   nan    |    nan    |    nan    |    nan    |    nan    |    nan    |    nan    |   nan    |   nan    |
| 6  |   nan    |    nan    |    nan    |    nan    |   nan    |   nan    |   nan    |    nan    |    nan    |    nan    |    nan    |    nan    |    nan    |   nan    |   nan    |
| 7  |   nan    |    nan    |    nan    |    nan    |   nan    |   nan    |   nan    |    nan    |    nan    |    nan    |    nan    |    nan    |    nan    |   nan    |   nan    |
| 8  |   nan    |    nan    |    nan    |    nan    |   nan    |   nan    |   nan    |    nan    |    nan    |    nan    |    nan    |    nan    |    nan    |   nan    |   nan    |
| 9  |   nan    |    nan    |    nan    |    nan    |   nan    |   nan    |   nan    |    nan    |    nan    |    nan    |    nan    |    nan    |    nan    |   nan    |   nan    |
| 10 |   nan    |    nan    |    nan    |    nan    |   nan    |   nan    |   nan    |    nan    |    nan    |    nan    |    nan    |    nan    |    nan    |   nan    |   nan    |
| 11 |   nan    |    nan    |    nan    |    nan    |   nan    |   nan    |   nan    |    nan    |    nan    |    nan    |    nan    |    nan    |    nan    |   nan    |   nan    |
| 12 |   nan    |    nan    |    nan    |    nan    |   nan    |   nan    |   nan    |    nan    |    nan    |    nan    |    nan    |    nan    |    nan    |   nan    |   nan    |
| 13 |   nan    |    nan    |    nan    |    nan    |   nan    |   nan    |   nan    |    nan    |    nan    |    nan    |    nan    |    nan    |    nan    |   nan    |   nan    |
| 14 |   nan    |    nan    |    nan    |    nan    |   nan    |   nan    |   nan    |    nan    |    nan    |    nan    |    nan    |    nan    |    nan    |   nan    |   nan    |
| 15 |   nan    |    nan    |    nan    |    nan    |   nan    |   nan    |   nan    |    nan    |    nan    |    nan    |    nan    |    nan    |    nan    |   nan    |   nan    |
+----+----------+-----------+-----------+-----------+----------+----------+----------+-----------+-----------+-----------+-----------+-----------+-----------+----------+----------+

