,expanded states,used states,expanded transitions,used transitions,synthesis time(ms),findNewGoals,findNewErrors,propagateGoals,propagateErrors,memory(mb),heuristic time(ms),OutOfMem,algorithm,heuristic,problem,n,k,idx
0,142,44,223,65,78,22,2,1,25,15.44,9.0,False,new,mock,DP,2,2,0
1,117,33,179,46,51,18,0,1,14,12.96,7.0,False,new,mock,DP,2,2,1
2,121,44,185,65,66,20,2,1,10,14.48,11.0,False,new,mock,DP,2,2,2
3,156,55,256,88,87,37,2,1,23,17.92,11.0,False,new,mock,DP,2,2,3
4,138,44,231,65,61,28,3,1,17,16.48,6.0,False,new,mock,DP,2,2,4
5,127,31,188,42,52,16,0,1,7,13.44,10.0,False,new,mock,DP,2,2,5
6,146,44,229,65,60,22,1,1,20,15.92,8.0,False,new,mock,DP,2,2,6
7,130,36,198,52,56,24,0,1,14,14.48,5.0,False,new,mock,DP,2,2,7
8,141,31,217,42,56,22,0,1,21,14.48,12.0,False,new,mock,DP,2,2,8
9,93,36,145,51,56,16,0,1,9,12.48,6.0,False,new,mock,DP,2,2,9
10,150,44,228,65,60,18,2,1,22,14.96,8.0,False,new,mock,DP,2,2,10
11,157,50,262,74,79,35,2,1,18,16.96,7.0,False,new,mock,DP,2,2,11
12,138,36,217,52,68,26,1,1,19,14.48,14.0,False,new,mock,DP,2,2,12
13,93,31,132,42,45,14,1,1,12,12.0,6.0,False,new,mock,DP,2,2,13
14,167,103,298,168,88,56,1,1,30,22.96,11.0,False,new,mock,DP,2,2,14
15,149,36,243,52,67,32,1,1,23,16.48,9.0,False,new,mock,DP,2,2,15
16,136,31,207,42,54,18,1,1,14,13.92,9.0,False,new,mock,DP,2,2,16
17,124,31,181,42,49,10,0,1,15,12.48,12.0,False,new,mock,DP,2,2,17
18,108,31,163,42,56,11,1,1,17,12.48,13.0,False,new,mock,DP,2,2,18
19,146,61,237,97,58,26,1,1,14,14.96,11.0,False,new,mock,DP,2,2,19
20,159,70,267,105,72,53,0,1,25,19.44,6.0,False,new,mock,DP,2,2,20
21,161,37,272,51,78,53,1,1,27,21.92,8.0,False,new,mock,DP,2,2,21
22,159,60,267,95,65,34,2,1,27,16.96,11.0,False,new,mock,DP,2,2,22
23,141,50,225,74,58,30,2,1,19,15.44,10.0,False,new,mock,DP,2,2,23
24,142,42,231,66,62,36,1,1,12,15.92,11.0,False,new,mock,DP,2,2,24
25,160,36,265,51,70,39,0,1,22,18.0,11.0,False,new,mock,DP,2,2,25
26,136,44,207,64,54,16,2,1,12,13.44,6.0,False,new,mock,DP,2,2,26
27,163,36,264,52,86,40,1,1,15,17.92,14.0,False,new,mock,DP,2,2,27
28,156,47,251,75,64,33,0,1,20,16.48,10.0,False,new,mock,DP,2,2,28
29,166,55,289,89,74,47,1,1,28,19.44,9.0,False,new,mock,DP,2,2,29
30,128,44,198,64,54,18,1,1,18,13.92,6.0,False,new,mock,DP,2,2,30
31,134,37,213,51,68,34,0,1,13,17.92,6.0,False,new,mock,DP,2,2,31
32,163,44,270,64,90,42,2,1,26,18.48,17.0,False,new,mock,DP,2,2,32
33,107,41,160,58,45,4,4,1,11,11.92,2.0,False,new,mock,DP,2,2,33
34,150,36,239,51,65,30,0,1,19,17.44,7.0,False,new,mock,DP,2,2,34
35,163,49,279,71,91,38,0,1,24,17.44,19.0,False,new,mock,DP,2,2,35
36,130,36,208,52,58,26,1,1,9,14.96,8.0,False,new,mock,DP,2,2,36
37,123,43,182,62,47,8,3,1,9,12.48,5.0,False,new,mock,DP,2,2,37
38,116,28,164,35,47,14,0,1,14,12.48,5.0,False,new,mock,DP,2,2,38
39,154,44,252,65,70,37,1,1,30,16.96,2.0,False,new,mock,DP,2,2,39
40,168,67,296,113,106,44,3,1,23,21.92,6.0,False,new,mock,DP,2,2,40
41,151,37,240,50,67,42,0,1,23,17.44,15.0,False,new,mock,DP,2,2,41
42,164,37,289,51,109,56,0,1,37,20.96,18.0,False,new,mock,DP,2,2,42
43,102,36,150,51,45,10,0,1,11,11.92,6.0,False,new,mock,DP,2,2,43
44,114,36,165,51,48,8,2,1,18,12.48,8.0,False,new,mock,DP,2,2,44
45,139,42,224,65,59,27,1,1,15,15.44,9.0,False,new,mock,DP,2,2,45
46,136,44,211,65,52,11,3,1,18,13.44,7.0,False,new,mock,DP,2,2,46
47,132,36,202,52,54,19,0,1,11,13.44,5.0,False,new,mock,DP,2,2,47
48,156,44,255,65,67,38,1,1,17,17.92,10.0,False,new,mock,DP,2,2,48
49,150,55,246,89,60,20,3,1,28,15.44,7.0,False,new,mock,DP,2,2,49
50,116,28,171,36,46,8,1,1,12,12.48,9.0,False,new,mock,DP,2,2,50
51,162,66,277,110,69,41,2,1,22,18.96,9.0,False,new,mock,DP,2,2,51
52,122,36,176,52,48,13,0,1,9,12.48,11.0,False,new,mock,DP,2,2,52
53,126,36,194,52,52,14,2,1,19,13.44,14.0,False,new,mock,DP,2,2,53
54,172,67,310,113,78,45,4,1,31,22.48,9.0,False,new,mock,DP,2,2,54
55,159,44,264,64,71,37,1,1,30,17.44,8.0,False,new,mock,DP,2,2,55
56,140,36,218,51,77,30,1,1,18,15.92,17.0,False,new,mock,DP,2,2,56
57,125,44,202,65,60,30,1,1,17,15.44,11.0,False,new,mock,DP,2,2,57
58,151,44,244,64,65,25,2,1,19,15.92,5.0,False,new,mock,DP,2,2,58
59,165,50,282,74,71,36,1,1,25,17.44,10.0,False,new,mock,DP,2,2,59
60,149,98,248,159,65,30,3,1,21,17.92,4.0,False,new,mock,DP,2,2,60
61,157,55,273,89,61,28,2,1,23,15.92,11.0,False,new,mock,DP,2,2,61
62,141,47,220,76,57,18,0,1,13,13.92,9.0,False,new,mock,DP,2,2,62
63,146,43,226,62,56,23,0,1,18,14.48,12.0,False,new,mock,DP,2,2,63
64,154,37,253,51,71,39,0,1,24,17.92,11.0,False,new,mock,DP,2,2,64
65,137,54,226,89,59,41,0,1,24,15.92,6.0,False,new,mock,DP,2,2,65
66,172,113,301,184,78,55,2,1,27,21.44,11.0,False,new,mock,DP,2,2,66
67,125,44,194,65,51,11,2,1,17,13.44,7.0,False,new,mock,DP,2,2,67
68,165,54,281,86,63,28,2,1,27,16.48,7.0,False,new,mock,DP,2,2,68
69,136,44,199,65,66,11,0,1,17,13.44,12.0,False,new,mock,DP,2,2,69
70,124,43,194,62,54,14,1,1,12,13.44,11.0,False,new,mock,DP,2,2,70
71,80,41,119,59,42,10,0,1,13,11.92,8.0,False,new,mock,DP,2,2,71
72,132,44,208,65,57,19,0,1,15,14.48,10.0,False,new,mock,DP,2,2,72
73,164,36,273,52,66,41,1,1,28,18.48,8.0,False,new,mock,DP,2,2,73
74,158,44,259,65,67,28,4,1,19,16.96,9.0,False,new,mock,DP,2,2,74
75,123,37,181,51,49,21,1,1,13,12.96,9.0,False,new,mock,DP,2,2,75
76,144,31,229,42,60,27,1,1,18,15.44,10.0,False,new,mock,DP,2,2,76
77,149,66,234,96,75,26,0,1,19,14.96,9.0,False,new,mock,DP,2,2,77
78,153,43,251,62,89,38,0,1,22,17.92,11.0,False,new,mock,DP,2,2,78
79,130,44,202,64,56,19,3,1,14,14.96,8.0,False,new,mock,DP,2,2,79
80,157,36,257,52,82,32,1,1,20,16.96,17.0,False,new,mock,DP,2,2,80
81,122,36,182,52,63,17,1,1,12,12.96,7.0,False,new,mock,DP,2,2,81
82,150,44,244,65,77,29,2,1,12,16.48,13.0,False,new,mock,DP,2,2,82
83,147,44,239,64,58,21,2,1,18,15.44,8.0,False,new,mock,DP,2,2,83
84,127,36,197,52,62,13,3,1,12,13.44,11.0,False,new,mock,DP,2,2,84
85,144,82,232,123,76,23,3,1,14,15.92,12.0,False,new,mock,DP,2,2,85
86,149,61,248,98,75,23,3,1,24,14.96,13.0,False,new,mock,DP,2,2,86
87,78,31,114,42,50,14,0,1,10,11.92,12.0,False,new,mock,DP,2,2,87
88,157,55,254,89,78,21,3,1,23,15.92,9.0,False,new,mock,DP,2,2,88
89,158,43,257,62,71,34,1,1,21,17.44,9.0,False,new,mock,DP,2,2,89
90,137,36,217,52,55,24,0,1,22,14.48,8.0,False,new,mock,DP,2,2,90
91,152,44,244,65,60,23,2,1,23,14.96,12.0,False,new,mock,DP,2,2,91
92,135,31,215,42,60,32,0,1,17,15.44,9.0,False,new,mock,DP,2,2,92
93,162,36,277,52,83,48,1,1,23,21.92,9.0,False,new,mock,DP,2,2,93
94,122,44,189,65,53,19,0,1,13,13.92,11.0,False,new,mock,DP,2,2,94
95,154,43,249,62,67,30,4,1,18,16.96,13.0,False,new,mock,DP,2,2,95
96,96,33,135,46,42,6,1,1,13,11.92,7.0,False,new,mock,DP,2,2,96
97,152,36,251,52,93,47,0,1,25,18.96,14.0,False,new,mock,DP,2,2,97
98,165,48,277,75,66,28,1,1,24,16.48,8.0,False,new,mock,DP,2,2,98
99,136,44,218,65,58,21,0,1,18,14.48,14.0,False,new,mock,DP,2,2,99
