,expanded states,used states,expanded transitions,used transitions,synthesis time(ms),findNewGoals,findNewErrors,propagateGoals,propagateErrors,memory(mb),heuristic time(ms),OutOfMem,algorithm,heuristic,problem,n,k,idx
0,140,83,277,138,84,70,0,1,27,22.96,9.0,False,new,mock,TA,2,2,0
1,139,77,268,125,98,68,0,1,25,19.92,12.0,False,new,mock,TA,2,2,1
2,135,70,256,109,73,61,0,1,15,20.48,15.0,False,new,mock,TA,2,2,2
3,140,101,282,176,77,63,0,1,24,22.48,5.0,False,new,mock,TA,2,2,3
4,133,65,248,96,75,66,0,1,15,20.48,13.0,False,new,mock,TA,2,2,4
5,140,82,276,136,82,60,0,1,22,21.92,12.0,False,new,mock,TA,2,2,5
6,140,93,280,162,85,82,0,1,28,23.92,8.0,False,new,mock,TA,2,2,6
7,140,95,282,166,82,79,0,1,21,24.48,11.0,False,new,mock,TA,2,2,7
8,139,71,274,111,78,71,0,1,22,22.96,10.0,False,new,mock,TA,2,2,8
9,138,72,268,112,81,58,0,1,26,21.44,8.0,False,new,mock,TA,2,2,9
10,139,83,265,137,102,63,0,1,20,21.92,15.0,False,new,mock,TA,2,2,10
11,140,101,286,177,84,84,0,1,23,23.92,9.0,False,new,mock,TA,2,2,11
12,137,78,256,126,76,64,0,1,22,20.48,10.0,False,new,mock,TA,2,2,12
13,138,82,268,132,83,67,0,1,18,23.44,14.0,False,new,mock,TA,2,2,13
14,131,97,254,168,91,73,0,1,15,21.92,14.0,False,new,mock,TA,2,2,14
15,131,80,249,133,90,37,0,1,15,18.48,17.0,False,new,mock,TA,2,2,15
16,137,72,254,111,71,58,0,1,15,20.48,7.0,False,new,mock,TA,2,2,16
17,139,97,277,170,83,76,0,1,27,22.96,13.0,False,new,mock,TA,2,2,17
18,140,99,282,173,88,78,0,1,19,24.48,11.0,False,new,mock,TA,2,2,18
19,139,93,272,162,79,67,0,1,20,22.48,11.0,False,new,mock,TA,2,2,19
20,140,80,284,131,77,59,0,1,25,22.0,8.0,False,new,mock,TA,2,2,20
21,136,73,253,114,105,63,0,1,20,21.44,11.0,False,new,mock,TA,2,2,21
22,140,82,279,137,89,90,0,1,24,24.96,13.0,False,new,mock,TA,2,2,22
23,136,83,262,136,89,77,0,1,22,21.92,10.0,False,new,mock,TA,2,2,23
24,140,85,272,138,78,45,0,1,19,19.92,12.0,False,new,mock,TA,2,2,24
25,137,99,267,174,81,69,0,1,25,23.44,6.0,False,new,mock,TA,2,2,25
26,140,92,281,153,85,78,0,1,27,23.92,5.0,False,new,mock,TA,2,2,26
27,135,63,254,91,68,55,0,1,18,18.48,11.0,False,new,mock,TA,2,2,27
28,138,78,268,127,84,61,0,1,16,20.96,15.0,False,new,mock,TA,2,2,28
29,140,80,282,131,72,21,0,1,21,18.96,14.0,False,new,mock,TA,2,2,29
30,135,99,265,172,76,70,0,1,25,21.92,8.0,False,new,mock,TA,2,2,30
31,139,94,279,160,82,64,0,1,23,22.96,8.0,False,new,mock,TA,2,2,31
32,140,103,277,179,87,64,0,1,21,22.96,9.0,False,new,mock,TA,2,2,32
33,139,99,280,174,82,79,0,1,19,23.44,10.0,False,new,mock,TA,2,2,33
34,136,70,255,107,74,58,0,1,25,20.48,12.0,False,new,mock,TA,2,2,34
35,138,99,280,174,105,61,0,1,23,21.92,12.0,False,new,mock,TA,2,2,35
36,140,87,278,144,92,70,0,1,22,22.48,13.0,False,new,mock,TA,2,2,36
37,139,71,272,109,88,73,0,1,21,24.48,9.0,False,new,mock,TA,2,2,37
38,139,85,272,145,101,60,0,1,24,20.96,15.0,False,new,mock,TA,2,2,38
39,137,99,270,173,108,57,0,1,21,21.92,16.0,False,new,mock,TA,2,2,39
40,140,87,274,149,65,1,0,1,23,13.92,17.0,False,new,mock,TA,2,2,40
41,137,90,271,154,87,64,0,1,22,20.48,6.0,False,new,mock,TA,2,2,41
42,139,99,278,173,116,73,0,1,21,23.92,19.0,False,new,mock,TA,2,2,42
43,140,101,283,176,82,68,0,1,30,23.44,14.0,False,new,mock,TA,2,2,43
44,137,97,274,170,80,72,0,1,25,22.96,15.0,False,new,mock,TA,2,2,44
45,135,99,264,174,84,78,0,1,21,24.48,9.0,False,new,mock,TA,2,2,45
46,138,97,274,168,79,73,0,1,19,22.48,7.0,False,new,mock,TA,2,2,46
47,138,95,278,166,84,85,0,1,24,23.44,11.0,False,new,mock,TA,2,2,47
48,139,99,279,174,101,59,0,1,21,22.48,10.0,False,new,mock,TA,2,2,48
49,139,92,280,157,78,63,0,1,23,21.92,12.0,False,new,mock,TA,2,2,49
50,136,99,275,174,92,78,0,1,20,22.96,13.0,False,new,mock,TA,2,2,50
51,140,97,284,170,86,94,0,1,25,24.96,10.0,False,new,mock,TA,2,2,51
52,135,97,270,170,83,83,0,1,20,23.44,13.0,False,new,mock,TA,2,2,52
53,135,56,242,78,70,53,0,1,21,19.92,11.0,False,new,mock,TA,2,2,53
54,137,89,270,153,88,80,0,1,19,23.92,6.0,False,new,mock,TA,2,2,54
55,137,93,266,162,76,72,0,1,22,21.92,6.0,False,new,mock,TA,2,2,55
56,139,95,275,165,80,63,0,1,19,22.48,11.0,False,new,mock,TA,2,2,56
57,140,92,283,154,117,74,0,1,26,22.96,12.0,False,new,mock,TA,2,2,57
58,138,70,266,109,84,53,0,1,23,21.44,11.0,False,new,mock,TA,2,2,58
59,140,83,281,137,82,62,0,1,21,21.44,11.0,False,new,mock,TA,2,2,59
60,138,93,266,162,78,64,0,1,22,21.92,10.0,False,new,mock,TA,2,2,60
61,140,81,278,134,67,17,0,1,24,17.44,8.0,False,new,mock,TA,2,2,61
62,140,99,283,174,82,76,0,1,23,23.44,14.0,False,new,mock,TA,2,2,62
63,140,70,269,109,74,55,0,1,20,20.96,6.0,False,new,mock,TA,2,2,63
64,139,95,279,165,82,80,0,1,26,23.92,8.0,False,new,mock,TA,2,2,64
65,136,84,261,141,72,58,0,1,16,19.44,12.0,False,new,mock,TA,2,2,65
66,139,99,280,174,83,67,0,1,28,22.96,8.0,False,new,mock,TA,2,2,66
67,140,97,278,169,81,65,0,1,25,23.44,11.0,False,new,mock,TA,2,2,67
68,135,73,259,116,95,59,0,1,16,19.92,14.0,False,new,mock,TA,2,2,68
69,140,95,282,165,78,62,0,1,29,21.92,9.0,False,new,mock,TA,2,2,69
70,136,73,262,111,72,43,0,1,21,18.96,7.0,False,new,mock,TA,2,2,70
71,140,70,279,109,84,63,0,1,25,24.48,7.0,False,new,mock,TA,2,2,71
72,138,80,277,131,80,81,0,1,18,22.96,8.0,False,new,mock,TA,2,2,72
73,140,95,282,165,82,72,0,1,26,22.96,10.0,False,new,mock,TA,2,2,73
74,134,84,257,139,77,74,0,1,10,21.92,11.0,False,new,mock,TA,2,2,74
75,137,54,260,73,79,75,0,1,25,22.48,10.0,False,new,mock,TA,2,2,75
76,138,99,272,172,81,75,0,1,21,22.96,16.0,False,new,mock,TA,2,2,76
77,137,74,264,119,100,52,0,1,17,20.96,16.0,False,new,mock,TA,2,2,77
78,138,64,265,94,92,71,0,1,20,22.96,13.0,False,new,mock,TA,2,2,78
79,137,88,273,152,83,65,0,1,21,23.92,10.0,False,new,mock,TA,2,2,79
80,140,95,284,165,98,73,0,1,26,23.92,14.0,False,new,mock,TA,2,2,80
81,140,70,273,108,82,70,0,1,21,22.96,14.0,False,new,mock,TA,2,2,81
82,138,89,274,153,77,62,0,1,19,21.44,12.0,False,new,mock,TA,2,2,82
83,139,97,279,170,89,82,0,1,24,24.96,13.0,False,new,mock,TA,2,2,83
84,140,97,285,170,87,77,0,1,28,24.96,12.0,False,new,mock,TA,2,2,84
85,140,99,286,174,78,77,0,1,27,22.48,8.0,False,new,mock,TA,2,2,85
86,140,74,270,119,77,70,0,1,23,21.44,7.0,False,new,mock,TA,2,2,86
87,139,78,273,127,74,66,0,1,20,21.44,9.0,False,new,mock,TA,2,2,87
88,138,99,273,174,81,70,0,1,25,22.48,17.0,False,new,mock,TA,2,2,88
89,135,74,256,119,72,66,0,1,18,20.48,14.0,False,new,mock,TA,2,2,89
90,138,97,267,168,85,66,0,1,25,22.48,8.0,False,new,mock,TA,2,2,90
91,138,62,264,90,100,69,0,1,24,21.92,13.0,False,new,mock,TA,2,2,91
92,140,80,278,131,91,87,0,1,21,26.0,6.0,False,new,mock,TA,2,2,92
93,140,99,280,174,78,63,0,1,18,22.96,8.0,False,new,mock,TA,2,2,93
94,139,99,278,173,81,77,0,1,27,22.96,10.0,False,new,mock,TA,2,2,94
95,138,83,264,137,77,66,0,1,15,21.92,10.0,False,new,mock,TA,2,2,95
96,137,79,260,128,77,61,0,1,19,22.48,8.0,False,new,mock,TA,2,2,96
97,140,101,285,177,85,70,0,1,25,23.92,9.0,False,new,mock,TA,2,2,97
98,139,89,266,150,87,74,0,1,15,22.96,7.0,False,new,mock,TA,2,2,98
99,138,85,263,141,80,75,0,1,18,22.48,12.0,False,new,mock,TA,2,2,99
